LibXtract compiled with Accelerate FFT
43.0664
1.28272e-05
5.1769e-05
0.000174986
0.000369557
0.000368527
0.00423405
0.00834333
0.00495514
0.000465669
0.000397662
0.00136872
0.00317176
0.00246646
0.00148958
0.000975604
0.000534918
0.00018318
0.00160454
0.00386496
0.00271636
0.000406853
0.000215153
0.000712688
0.00058338
0.00187185
0.00172577
0.000277208
0.000109899
6.41229e-05
0.000493107
0.00159531
0.00141967
0.000425674
8.18349e-05
6.18893e-06
0.000259925
0.00077857
0.000880372
0.000351135
4.98173e-05
8.93277e-05
9.9309e-05
0.000458773
0.000759373
0.000401818
0.000111635
9.62259e-05
7.84272e-05
0.00014548
0.000337895
0.000242273
6.54116e-05
4.59432e-05
2.55872e-05
5.68104e-05
0.000237085
0.000243861
1.05981e-05
8.08997e-05
4.32864e-05
2.21184e-05
6.52569e-05
9.46883e-05
3.50768e-05
8.47739e-06
1.89195e-05
1.68917e-05
3.7183e-05
3.45173e-05
8.90708e-06
9.05911e-06
9.44944e-06
2.0445e-05
3.58053e-05
0.000129539
0.00014713
4.26754e-05
1.41536e-05
2.0718e-05
3.64439e-05
8.19726e-05
0.00024122
0.00021297
5.13478e-05
7.84425e-06
3.94588e-06
1.28339e-05
0.00010829
0.000157285
6.24545e-05
2.79078e-06
2.52983e-06
8.35451e-06
2.40518e-05
5.12032e-05
6.05731e-05
2.37836e-05
1.09707e-05
3.80341e-06
3.93727e-06
8.51528e-06
2.67146e-05
2.46204e-05
3.97212e-06
1.24762e-06
1.78697e-06
4.20311e-07
3.00615e-06
1.03199e-05
8.62737e-06
1.6333e-06
2.20388e-07
1.08388e-06
1.15199e-06
8.75619e-07
3.77914e-06
3.97759e-06
1.9614e-06
1.11968e-06
1.75532e-06
9.0514e-07
2.17964e-06
4.19423e-06
4.47798e-06
2.09197e-06
1.1646e-06
9.18252e-07
1.07943e-06
8.09253e-07
4.42706e-06
5.63064e-06
1.32317e-06
5.72938e-08
1.62323e-06
1.49186e-06
9.12694e-07
4.00249e-06
6.41439e-06
3.9592e-06
2.45551e-06
7.25327e-07
3.32616e-07
7.89716e-07
7.03618e-07
3.79369e-07
1.00848e-06
5.86562e-07
2.10842e-07
1.77467e-07
2.54655e-07
7.01012e-07
1.88324e-06
2.7589e-06
1.50646e-06
4.394e-07
9.72952e-07
8.75025e-07
2.73068e-07
6.36563e-07
7.52335e-07
1.45681e-06
2.69168e-06
7.36932e-06
7.74229e-06
1.99378e-06
1.13546e-06
3.17001e-07
3.14778e-07
2.22009e-07
6.05375e-07
1.22922e-06
1.15203e-06
6.30898e-07
9.10367e-07
5.99845e-07
4.36684e-07
6.57691e-07
4.9128e-07
2.53892e-07
3.33366e-07
6.25017e-07
3.9435e-07
3.44903e-07
1.25394e-06
2.86348e-06
1.54469e-06
4.71058e-07
3.41147e-07
4.16953e-07
6.15462e-07
5.59932e-07
4.45089e-07
5.63578e-07
4.99277e-07
4.30984e-07
2.42815e-07
1.46391e-07
1.11522e-07
1.67614e-07
3.77425e-07
5.08614e-07
5.99058e-07
2.01425e-07
4.65612e-07
2.56142e-07
2.38739e-07
4.19611e-07
3.67976e-07
4.0005e-07
8.0804e-07
9.49679e-07
4.43207e-07
2.23193e-07
4.43237e-07
1.19789e-07
4.25223e-07
4.91204e-07
1.41209e-07
1.47859e-07
3.45161e-07
4.88248e-07
1.63727e-07
1.77067e-07
1.10096e-07
1.52329e-07
2.23274e-07
1.10972e-07
8.68325e-07
1.00695e-06
1.09166e-06
8.82977e-07
5.44222e-07
4.89285e-07
2.81687e-07
2.88661e-07
1.80206e-08
4.08824e-07
8.84397e-07
6.7382e-07
8.54142e-09
2.69257e-07
3.96484e-07
3.71031e-07
1.53657e-07
2.51476e-07
5.37681e-07
8.84917e-07
6.56512e-07
6.48109e-07
2.17961e-07
2.31584e-07
2.82678e-07
2.03377e-07
2.51901e-07
6.02189e-08
6.19553e-07
5.88917e-07
2.77224e-07
1.1863e-07
2.37158e-07
1.34221e-07
2.05412e-07
1.20575e-07
2.08927e-07
1.00018e-06
1.03266e-06
4.83851e-07
1.9441e-07
7.60301e-08
1.88991e-07
2.11158e-07
2.32633e-07
6.34819e-08
2.133e-07
3.60011e-07
2.43893e-07
1.80472e-07
1.37149e-07
1.30947e-07
1.92028e-07
1.26612e-07
1.66173e-07
3.91454e-07
3.41243e-07
1.96673e-07
4.41368e-07
3.75343e-07
9.51382e-08
1.39607e-07
8.7974e-08
1.45348e-07
2.87028e-07
3.07564e-07
1.88177e-07
2.42319e-07
2.09222e-07
1.86742e-07
9.40398e-08
1.64248e-07
2.13136e-07
2.41084e-07
2.20549e-07
1.96187e-07
4.36726e-07
6.01435e-07
4.86546e-07
2.07459e-07
2.11765e-07
1.67509e-07
7.10896e-08
3.26748e-08
4.23152e-08
1.63047e-07
2.91437e-07
4.84251e-07
4.14686e-07
8.25208e-08
7.44596e-08
8.98609e-08
1.99494e-07
1.09924e-07
2.90906e-07
2.84457e-07
1.03231e-07
2.42082e-07
1.0101e-07
1.63237e-07
1.99289e-08
4.4923e-07
5.92935e-07
3.97871e-07
1.47787e-07
3.90576e-08
1.27096e-07
2.10986e-07
3.00359e-07
1.48744e-07
5.6963e-07
5.09726e-07
1.82861e-07
3.926e-07
6.05333e-07
2.05967e-07
2.04484e-07
1.69635e-07
1.72961e-07
4.05094e-07
5.92356e-07
5.35425e-07
5.42053e-07
4.69342e-07
3.17093e-07
1.19499e-07
1.90408e-07
7.22206e-07
6.14063e-07
2.82985e-07
7.5634e-07
9.59368e-07
6.27192e-07
7.69944e-07
5.26588e-07
6.88859e-07
1.61966e-06
1.30869e-06
9.87382e-07
2.42476e-07
1.00713e-06
8.01313e-07
1.00634e-06
1.23943e-06
5.78552e-07
5.9143e-07
7.09618e-07
8.63985e-07
2.07512e-06
1.63987e-06
7.32842e-07
7.06945e-07
1.90087e-06
8.96483e-07
7.26582e-07
4.11527e-07
2.39006e-06
3.00283e-06
4.2749e-08
2.82294e-06
2.27515e-06
1.55669e-06
2.39722e-06
2.77221e-06
1.31839e-06
1.00985e-06
2.52469e-06
1.76756e-06
1.03369e-06
1.28227e-06
2.08599e-06
6.9432e-07
1.21044e-06
2.11158e-06
8.16259e-07
1.74682e-06
3.22523e-06
3.46882e-06
6.35514e-06
4.44099e-06
1.1359e-06
3.19904e-06
2.27128e-06
1.15664e-06
3.47075e-06
3.33688e-06
2.7059e-06
2.93424e-06
3.14713e-06
4.74003e-06
5.00426e-06
4.27228e-06
1.10012e-06
3.13651e-06
5.52366e-06
4.75647e-06
4.61624e-06
2.38151e-06
3.33557e-06
6.6358e-06
5.32361e-06
2.20941e-06
4.90176e-06
2.46611e-06
4.40697e-06
5.98984e-06
3.38886e-06
1.96081e-06
1.99147e-06
5.18446e-06
6.31703e-06
5.82154e-06
6.87704e-06
6.46115e-06
3.98502e-06
7.23102e-07
4.77196e-06
5.51232e-06
6.07783e-06
6.50204e-06
3.86202e-06
4.95571e-06
1.61273e-06
3.23405e-06
4.97359e-07
3.1958e-06
3.83953e-06
4.59556e-06
6.00811e-06
5.54987e-06
3.21335e-06
2.93882e-06
5.94118e-06
5.86249e-06
3.22575e-06
8.61007e-06
8.84229e-06
6.57466e-06
1.66887e-06
4.4667e-06
8.85666e-06
1.04275e-05
5.36945e-06
4.76983e-06
9.25143e-06
5.35373e-06
3.61543e-06
6.00977e-06
6.16461e-06
1.38452e-06
8.55592e-06
1.06105e-05
1.14849e-05
1.00997e-05
4.73122e-06
2.24545e-06
2.69892e-06
3.88782e-06
2.29411e-06
2.7153e-06
2.24558e-07
1.6293e-06
4.54363e-06
6.90841e-06
4.29285e-06
8.53948e-07
6.65758e-07
6.06997e-07
2.165e-06
1.46253e-06
3.63731e-06
6.85268e-06
5.56108e-06
3.18489e-07
9.28483e-06
7.04138e-06
1.35735e-06
7.70282e-07
1.18249e-06
2.99049e-06
5.8842e-06
3.50949e-06
1.64454e-07
2.32082e-06
7.71769e-06
0
43.0664
86.1328
129.199
172.266
215.332
258.398
301.465
344.531
387.598
430.664
473.73
516.797
559.863
602.93
645.996
689.062
732.129
775.195
818.262
861.328
904.395
947.461
990.527
1033.59
1076.66
1119.73
1162.79
1205.86
1248.93
1291.99
1335.06
1378.12
1421.19
1464.26
1507.32
1550.39
1593.46
1636.52
1679.59
1722.66
1765.72
1808.79
1851.86
1894.92
1937.99
1981.05
2024.12
2067.19
2110.25
2153.32
2196.39
2239.45
2282.52
2325.59
2368.65
2411.72
2454.79
2497.85
2540.92
2583.98
2627.05
2670.12
2713.18
2756.25
2799.32
2842.38
2885.45
2928.52
2971.58
3014.65
3057.71
3100.78
3143.85
3186.91
3229.98
3273.05
3316.11
3359.18
3402.25
3445.31
3488.38
3531.45
3574.51
3617.58
3660.64
3703.71
3746.78
3789.84
3832.91
3875.98
3919.04
3962.11
4005.18
4048.24
4091.31
4134.38
4177.44
4220.51
4263.57
4306.64
4349.71
4392.77
4435.84
4478.91
4521.97
4565.04
4608.11
4651.17
4694.24
4737.3
4780.37
4823.44
4866.5
4909.57
4952.64
4995.7
5038.77
5081.84
5124.9
5167.97
5211.04
5254.1
5297.17
5340.23
5383.3
5426.37
5469.43
5512.5
5555.57
5598.63
5641.7
5684.77
5727.83
5770.9
5813.96
5857.03
5900.1
5943.16
5986.23
6029.3
6072.36
6115.43
6158.5
6201.56
6244.63
6287.7
6330.76
6373.83
6416.89
6459.96
6503.03
6546.09
6589.16
6632.23
6675.29
6718.36
6761.43
6804.49
6847.56
6890.62
6933.69
6976.76
7019.82
7062.89
7105.96
7149.02
7192.09
7235.16
7278.22
7321.29
7364.36
7407.42
7450.49
7493.55
7536.62
7579.69
7622.75
7665.82
7708.89
7751.95
7795.02
7838.09
7881.15
7924.22
7967.29
8010.35
8053.42
8096.48
8139.55
8182.62
8225.68
8268.75
8311.82
8354.88
8397.95
8441.02
8484.08
8527.15
8570.21
8613.28
8656.35
8699.41
8742.48
8785.55
8828.61
8871.68
8914.75
8957.81
9000.88
9043.95
9087.01
9130.08
9173.14
9216.21
9259.28
9302.34
9345.41
9388.48
9431.54
9474.61
9517.68
9560.74
9603.81
9646.88
9689.94
9733.01
9776.07
9819.14
9862.21
9905.27
9948.34
9991.41
10034.5
10077.5
10120.6
10163.7
10206.7
10249.8
10292.9
10335.9
10379
10422.1
10465.1
10508.2
10551.3
10594.3
10637.4
10680.5
10723.5
10766.6
10809.7
10852.7
10895.8
10938.9
10981.9
11025
11068.1
11111.1
11154.2
11197.3
11240.3
11283.4
11326.5
11369.5
11412.6
11455.7
11498.7
11541.8
11584.9
11627.9
11671
11714.1
11757.1
11800.2
11843.3
11886.3
11929.4
11972.5
12015.5
12058.6
12101.7
12144.7
12187.8
12230.9
12273.9
12317
12360.1
12403.1
12446.2
12489.3
12532.3
12575.4
12618.5
12661.5
12704.6
12747.7
12790.7
12833.8
12876.9
12919.9
12963
13006.1
13049.1
13092.2
13135.3
13178.3
13221.4
13264.5
13307.5
13350.6
13393.7
13436.7
13479.8
13522.9
13565.9
13609
13652.1
13695.1
13738.2
13781.2
13824.3
13867.4
13910.4
13953.5
13996.6
14039.6
14082.7
14125.8
14168.8
14211.9
14255
14298
14341.1
14384.2
14427.2
14470.3
14513.4
14556.4
14599.5
14642.6
14685.6
14728.7
14771.8
14814.8
14857.9
14901
14944
14987.1
15030.2
15073.2
15116.3
15159.4
15202.4
15245.5
15288.6
15331.6
15374.7
15417.8
15460.8
15503.9
15547
15590
15633.1
15676.2
15719.2
15762.3
15805.4
15848.4
15891.5
15934.6
15977.6
16020.7
16063.8
16106.8
16149.9
16193
16236
16279.1
16322.2
16365.2
16408.3
16451.4
16494.4
16537.5
16580.6
16623.6
16666.7
16709.8
16752.8
16795.9
16839
16882
16925.1
16968.2
17011.2
17054.3
17097.4
17140.4
17183.5
17226.6
17269.6
17312.7
17355.8
17398.8
17441.9
17485
17528
17571.1
17614.2
17657.2
17700.3
17743.4
17786.4
17829.5
17872.6
17915.6
17958.7
18001.8
18044.8
18087.9
18131
18174
18217.1
18260.2
18303.2
18346.3
18389.4
18432.4
18475.5
18518.6
18561.6
18604.7
18647.8
18690.8
18733.9
18777
18820
18863.1
18906.2
18949.2
18992.3
19035.4
19078.4
19121.5
19164.6
19207.6
19250.7
19293.8
19336.8
19379.9
19422.9
19466
19509.1
19552.1
19595.2
19638.3
19681.3
19724.4
19767.5
19810.5
19853.6
19896.7
19939.7
19982.8
20025.9
20068.9
20112
20155.1
20198.1
20241.2
20284.3
20327.3
20370.4
20413.5
20456.5
20499.6
20542.7
20585.7
20628.8
20671.9
20714.9
20758
20801.1
20844.1
20887.2
20930.3
20973.3
21016.4
21059.5
21102.5
21145.6
21188.7
21231.7
21274.8
21317.9
21360.9
21404
21447.1
21490.1
21533.2
21576.3
21619.3
21662.4
21705.5
21748.5
21791.6
21834.7
21877.7
21920.8
21963.9
22006.9
